rosbagTimestamp,layout,dim,data_offset,data
1549701415558008695,,[],0,"[99.1197509765625, 1.244537591934204]"
1549701415559843392,,[],0,"[99.1197509765625, 1.244537591934204]"
1549701415561558594,,[],0,"[99.1197509765625, 1.244537591934204]"
1549701415561839601,,[],0,"[98.88130187988281, 1.244537591934204]"
1549701415561993978,,[],0,"[98.88130187988281, 1.2518171072006226]"
1549701415562007932,,[],0,"[98.88130187988281, 1.2468023300170898]"
1549701415562204903,,[],0,"[99.00051879882812, 1.2458317279815674]"
1549701415563496424,,[],0,"[99.00051879882812, 1.2458317279815674]"
1549701415563611914,,[],0,"[99.00051879882812, 1.2458317279815674]"
1549701415563680301,,[],0,"[99.00051879882812, 1.2458317279815674]"
1549701415563713340,,[],0,"[99.00051879882812, 1.2380670309066772]"
1549701415563717780,,[],0,"[99.00051879882812, 1.2380670309066772]"
1549701415563775214,,[],0,"[99.00051879882812, 1.2380670309066772]"
1549701415563779883,,[],0,"[99.00051879882812, 1.2380670309066772]"
1549701415563784174,,[],0,"[99.00051879882812, 1.2380670309066772]"
1549701415563993727,,[],0,"[99.00051879882812, 1.2380670309066772]"
1549701415564204200,,[],0,"[99.00051879882812, 1.2380670309066772]"
1549701415564382617,,[],0,"[99.00051879882812, 1.2380670309066772]"
1549701415564402427,,[],0,"[99.00051879882812, 1.2380670309066772]"
1549701415564407818,,[],0,"[99.00051879882812, 1.2380670309066772]"
1549701415564415247,,[],0,"[99.00051879882812, 1.2380670309066772]"
1549701415564420708,,[],0,"[99.00051879882812, 1.2380670309066772]"
1549701415564429744,,[],0,"[99.00051879882812, 1.2380670309066772]"
1549701415564433212,,[],0,"[99.00051879882812, 1.2380670309066772]"
1549701415564534507,,[],0,"[99.00051879882812, 1.2380670309066772]"
1549701415564542052,,[],0,"[99.00051879882812, 1.2380670309066772]"
1549701415564553824,,[],0,"[99.00051879882812, 1.2380670309066772]"
1549701415564559451,,[],0,"[99.00051879882812, 1.2463170289993286]"
1549701415564565425,,[],0,"[99.00051879882812, 1.2463170289993286]"
1549701415564571047,,[],0,"[99.00051879882812, 1.2463170289993286]"
1549701415564587387,,[],0,"[99.00051879882812, 1.2463170289993286]"
1549701415564838322,,[],0,"[99.00051879882812, 1.2463170289993286]"
1549701415564854051,,[],0,"[99.00051879882812, 1.2463170289993286]"
1549701415564864745,,[],0,"[99.00051879882812, 1.2463170289993286]"
1549701415564898533,,[],0,"[99.00051879882812, 1.2463170289993286]"
1549701415565023231,,[],0,"[99.00051879882812, 1.2463170289993286]"
1549701415565277474,,[],0,"[99.00051879882812, 1.2463170289993286]"
1549701415595517222,,[],0,"[99.00051879882812, 1.2490670680999756]"
1549701415595549058,,[],0,"[99.00051879882812, 1.2490670680999756]"
1549701415595559764,,[],0,"[99.00051879882812, 1.2537583112716675]"
1549701415595565573,,[],0,"[99.00051879882812, 1.242919921875]"
1549701415595571244,,[],0,"[99.00051879882812, 1.242919921875]"
1549701415595577701,,[],0,"[99.00051879882812, 1.242919921875]"
1549701415595584470,,[],0,"[99.00051879882812, 1.2529494762420654]"
1549701415595599474,,[],0,"[99.00051879882812, 1.2529494762420654]"
1549701415595618680,,[],0,"[99.00051879882812, 1.2471258640289307]"
1549701415595624024,,[],0,"[99.00051879882812, 1.2471258640289307]"
1549701415595631043,,[],0,"[99.00051879882812, 1.2327287197113037]"
1549701415595647379,,[],0,"[99.00051879882812, 1.2327287197113037]"
1549701415595654611,,[],0,"[99.00051879882812, 1.2455081939697266]"
1549701415595659225,,[],0,"[99.00051879882812, 1.2455081939697266]"
1549701415595665226,,[],0,"[99.00051879882812, 1.2455081939697266]"
1549701415595678349,,[],0,"[99.00051879882812, 1.2438905239105225]"
1549701415595685672,,[],0,"[99.00051879882812, 1.2438905239105225]"
1549701415595692296,,[],0,"[99.00051879882812, 1.248420000076294]"
1549701415595698584,,[],0,"[99.00051879882812, 1.248420000076294]"
1549701415595708196,,[],0,"[99.1197509765625, 1.2450228929519653]"
1549701415595713456,,[],0,"[99.1197509765625, 1.2450228929519653]"
1549701415595719456,,[],0,"[99.1197509765625, 1.2450228929519653]"
1549701415595725566,,[],0,"[99.00051879882812, 1.2463170289993286]"
1549701415595731391,,[],0,"[99.00051879882812, 1.246478796005249]"
1549701415595737400,,[],0,"[99.00051879882812, 1.2600672245025635]"
1549701415595742115,,[],0,"[99.00051879882812, 1.2600672245025635]"
1549701415595757136,,[],0,"[99.00051879882812, 1.2442140579223633]"
1549701415595766984,,[],0,"[99.16007995605469, 1.2442140579223633]"
1549701415595775459,,[],0,"[99.16007995605469, 1.2382287979125977]"
1549701415595780569,,[],0,"[99.16007995605469, 1.2501994371414185]"
1549701415595785447,,[],0,"[99.16007995605469, 1.2501994371414185]"
1549701415595789417,,[],0,"[99.16007995605469, 1.2501994371414185]"
1549701415595796255,,[],0,"[99.16007995605469, 1.2526259422302246]"
1549701415595803143,,[],0,"[99.16007995605469, 1.2526259422302246]"
1549701415595807287,,[],0,"[99.16007995605469, 1.2526259422302246]"
1549701415595813396,,[],0,"[99.16007995605469, 1.2463170289993286]"
1549701415595820368,,[],0,"[99.16007995605469, 1.2430816888809204]"
1549701415595824426,,[],0,"[99.16007995605469, 1.2430816888809204]"
1549701415595828046,,[],0,"[99.16007995605469, 1.2497141361236572]"
1549701415595836867,,[],0,"[99.16007995605469, 1.2455081939697266]"
1549701415595842790,,[],0,"[99.16007995605469, 1.2450228929519653]"
1549701415595846651,,[],0,"[99.16007995605469, 1.2450228929519653]"
1549701415595852998,,[],0,"[99.16007995605469, 1.235640525817871]"
1549701415595869786,,[],0,"[99.16007995605469, 1.235640525817871]"
1549701415595875100,,[],0,"[99.16007995605469, 1.2358022928237915]"
1549701415595881900,,[],0,"[99.16007995605469, 1.2358022928237915]"
1549701415595895358,,[],0,"[99.16007995605469, 1.2358022928237915]"
1549701415595901723,,[],0,"[99.16007995605469, 1.2358022928237915]"
1549701415596218402,,[],0,"[99.16007995605469, 1.2510082721710205]"
1549701415597191414,,[],0,"[99.16007995605469, 1.2510082721710205]"
1549701415597205473,,[],0,"[99.16007995605469, 1.2510082721710205]"
1549701415597216200,,[],0,"[99.16007995605469, 1.2369346618652344]"
1549701415597231574,,[],0,"[99.16007995605469, 1.2369346618652344]"
1549701415597243162,,[],0,"[99.16007995605469, 1.2217285633087158]"
1549701415597278601,,[],0,"[99.16007995605469, 1.2217285633087158]"
1549701415597349635,,[],0,"[99.16007995605469, 1.2175226211547852]"
1549701415597359731,,[],0,"[99.16007995605469, 1.2175226211547852]"
1549701415597364489,,[],0,"[99.16007995605469, 1.2175226211547852]"
1549701415597368456,,[],0,"[99.16007995605469, 1.2330522537231445]"
1549701415597372259,,[],0,"[99.16007995605469, 1.2408170700073242]"
1549701415597378301,,[],0,"[99.16007995605469, 1.2408170700073242]"
1549701415597383486,,[],0,"[99.16007995605469, 1.2390376329421997]"
1549701415597389748,,[],0,"[99.16007995605469, 1.2390376329421997]"
1549701415597394002,,[],0,"[99.16007995605469, 1.2493906021118164]"
1549701415597397782,,[],0,"[99.16007995605469, 1.2391993999481201]"
1549701415597402575,,[],0,"[99.16007995605469, 1.2391993999481201]"
1549701415597406565,,[],0,"[99.16007995605469, 1.2380670309066772]"
1549701415597411818,,[],0,"[99.16007995605469, 1.2380670309066772]"
1549701415597417004,,[],0,"[99.16007995605469, 1.2380670309066772]"
1549701415597420657,,[],0,"[99.16007995605469, 1.2380670309066772]"
1549701415597431483,,[],0,"[99.16007995605469, 1.2380670309066772]"
1549701415597661464,,[],0,"[99.16007995605469, 1.2446993589401245]"
1549701415597670097,,[],0,"[99.16007995605469, 1.2446993589401245]"
1549701415597677381,,[],0,"[99.16007995605469, 1.253596544265747]"
1549701415597683546,,[],0,"[99.16007995605469, 1.253596544265747]"
1549701415597694781,,[],0,"[99.16007995605469, 1.253596544265747]"
1549701415597700262,,[],0,"[99.16007995605469, 1.2482582330703735]"
1549701415597706348,,[],0,"[99.16007995605469, 1.2401700019836426]"
1549701415597711854,,[],0,"[99.16007995605469, 1.2388758659362793]"
1549701415597717475,,[],0,"[99.16007995605469, 1.2388758659362793]"
1549701415597724035,,[],0,"[99.16007995605469, 1.2388758659362793]"
1549701415597734267,,[],0,"[99.16007995605469, 1.2325669527053833]"
1549701415597745906,,[],0,"[99.16007995605469, 1.2458317279815674]"
1549701415597751975,,[],0,"[99.16007995605469, 1.2458317279815674]"
1549701415597758167,,[],0,"[99.16007995605469, 1.2413023710250854]"
1549701415597766765,,[],0,"[99.16007995605469, 1.2413023710250854]"
1549701415597772430,,[],0,"[99.16007995605469, 1.2468023300170898]"
1549701415597810566,,[],0,"[99.16007995605469, 1.2468023300170898]"
1549701415597918550,,[],0,"[99.16007995605469, 1.2425963878631592]"
1549701415598076956,,[],0,"[99.16007995605469, 1.2425963878631592]"
1549701415598086622,,[],0,"[99.16007995605469, 1.2425963878631592]"
1549701415598092530,,[],0,"[99.16007995605469, 1.242111086845398]"
1549701415598096490,,[],0,"[99.16007995605469, 1.2396847009658813]"
1549701415598099088,,[],0,"[99.16007995605469, 1.2396847009658813]"
1549701415598102402,,[],0,"[99.16007995605469, 1.2526259422302246]"
1549701415598105748,,[],0,"[99.16007995605469, 1.257155418395996]"
1549701415598109872,,[],0,"[99.16007995605469, 1.257155418395996]"
1549701415598113124,,[],0,"[99.16007995605469, 1.257155418395996]"
1549701415598116953,,[],0,"[99.1197509765625, 1.2353169918060303]"
1549701415598120301,,[],0,"[99.1197509765625, 1.2353169918060303]"
1549701415598123538,,[],0,"[99.1197509765625, 1.2382287979125977]"
1549701415598126636,,[],0,"[99.1197509765625, 1.2382287979125977]"
1549701415598129832,,[],0,"[99.1197509765625, 1.2382287979125977]"
1549701415598133215,,[],0,"[99.1197509765625, 1.2382287979125977]"
1549701415598136132,,[],0,"[99.1197509765625, 1.2485817670822144]"
1549701415598192289,,[],0,"[99.1197509765625, 1.2485817670822144]"
1549701415598200647,,[],0,"[99.1197509765625, 1.2485817670822144]"
1549701415598216005,,[],0,"[99.1197509765625, 1.2341846227645874]"
1549701415598439641,,[],0,"[99.1197509765625, 1.2341846227645874]"
1549701415598651300,,[],0,"[99.1197509765625, 1.2366111278533936]"
1549701415598932072,,[],0,"[99.1197509765625, 1.2416259050369263]"
1549701415598944984,,[],0,"[99.1197509765625, 1.2299786806106567]"
1549701415598968279,,[],0,"[99.1197509765625, 1.235964059829712]"
1549701415599087276,,[],0,"[99.1197509765625, 1.235964059829712]"
1549701415599093477,,[],0,"[99.1197509765625, 1.232081651687622]"
1549701415599098062,,[],0,"[99.1197509765625, 1.232081651687622]"
1549701415599246686,,[],0,"[99.1197509765625, 1.247287631034851]"
1549701415599625640,,[],0,"[99.00051879882812, 1.2468023300170898]"
1549701415600078824,,[],0,"[99.00051879882812, 1.2468023300170898]"
1549701415600465399,,[],0,"[99.00051879882812, 1.2370964288711548]"
1549701415600479257,,[],0,"[99.00051879882812, 1.2370964288711548]"
1549701415600484625,,[],0,"[99.00051879882812, 1.2370964288711548]"
1549701415600494067,,[],0,"[99.00051879882812, 1.2370964288711548]"
1549701415600527489,,[],0,"[99.00051879882812, 1.233214020729065]"
1549701415600540229,,[],0,"[99.00051879882812, 1.233214020729065]"
1549701415600871522,,[],0,"[99.00051879882812, 1.2346699237823486]"
1549701415600974995,,[],0,"[99.00051879882812, 1.2346699237823486]"
1549701415600992989,,[],0,"[99.00051879882812, 1.2346699237823486]"
1549701415601451517,,[],0,"[99.00051879882812, 1.2388758659362793]"
1549701415601522231,,[],0,"[99.00051879882812, 1.2388758659362793]"
1549701415601826805,,[],0,"[99.00051879882812, 1.2388758659362793]"
1549701415602039169,,[],0,"[99.00051879882812, 1.2414641380310059]"
1549701415602336929,,[],0,"[99.00051879882812, 1.236772894859314]"
1549701415602515422,,[],0,"[99.00051879882812, 1.236772894859314]"
1549701415602904587,,[],0,"[99.00051879882812, 1.235640525817871]"
1549701415602917351,,[],0,"[99.00051879882812, 1.235640525817871]"
1549701415602923881,,[],0,"[99.00051879882812, 1.235640525817871]"
1549701415603003227,,[],0,"[99.00051879882812, 1.2425963878631592]"
1549701415603272446,,[],0,"[99.00051879882812, 1.2521406412124634]"
1549701415603311664,,[],0,"[99.00051879882812, 1.2521406412124634]"
1549701415603367935,,[],0,"[99.00051879882812, 1.2521406412124634]"
1549701415603625787,,[],0,"[99.00051879882812, 1.2370964288711548]"
1549701415603801353,,[],0,"[99.00051879882812, 1.240331768989563]"
1549701415604153035,,[],0,"[99.00051879882812, 1.2369346618652344]"
1549701415604284982,,[],0,"[99.00051879882812, 1.2369346618652344]"
1549701415604625100,,[],0,"[99.00051879882812, 1.2446993589401245]"
1549701415604685114,,[],0,"[99.00051879882812, 1.2446993589401245]"
1549701415604745009,,[],0,"[99.00051879882812, 1.234831690788269]"
1549701415604761201,,[],0,"[99.00051879882812, 1.234831690788269]"
1549701415604770276,,[],0,"[99.00051879882812, 1.234831690788269]"
1549701415605136747,,[],0,"[99.00051879882812, 1.224155068397522]"
1549701415605149649,,[],0,"[99.00051879882812, 1.224155068397522]"
1549701415605533812,,[],0,"[99.00051879882812, 1.2417875528335571]"
1549701415606517960,,[],0,"[99.00051879882812, 1.2417875528335571]"
1549701415606527629,,[],0,"[99.00051879882812, 1.2417875528335571]"
1549701415607070158,,[],0,"[99.00051879882812, 1.2346699237823486]"
1549701415607357287,,[],0,"[99.00051879882812, 1.2346699237823486]"
1549701415607369619,,[],0,"[99.00051879882812, 1.2346699237823486]"
1549701415607374034,,[],0,"[99.00051879882812, 1.2487435340881348]"
1549701415607755649,,[],0,"[99.00051879882812, 1.2469640970230103]"
1549701415607777292,,[],0,"[99.00051879882812, 1.2469640970230103]"
1549701415607792299,,[],0,"[99.00051879882812, 1.2469640970230103]"
1549701415608055247,,[],0,"[99.00051879882812, 1.2382287979125977]"
1549701415609300784,,[],0,"[99.00051879882812, 1.2393611669540405]"
1549701415609316895,,[],0,"[99.00051879882812, 1.2319198846817017]"
1549701415609324389,,[],0,"[99.00051879882812, 1.2319198846817017]"
1549701415609330909,,[],0,"[99.00051879882812, 1.2319198846817017]"
1549701415609343310,,[],0,"[99.00051879882812, 1.2319198846817017]"
1549701415609349822,,[],0,"[99.00051879882812, 1.2319198846817017]"
1549701415609355592,,[],0,"[99.00051879882812, 1.2328904867172241]"
1549701415609369265,,[],0,"[99.00051879882812, 1.2328904867172241]"
1549701415609423827,,[],0,"[99.00051879882812, 1.2480964660644531]"
1549701415609692433,,[],0,"[99.00051879882812, 1.2480964660644531]"
1549701415609848620,,[],0,"[99.00051879882812, 1.2480964660644531]"
1549701415609856686,,[],0,"[99.00051879882812, 1.2480964660644531]"
1549701415609948997,,[],0,"[99.00051879882812, 1.2480964660644531]"
1549701415610074885,,[],0,"[99.00051879882812, 1.2480964660644531]"
1549701415610782576,,[],0,"[99.00051879882812, 1.2480964660644531]"
1549701415610809485,,[],0,"[99.00051879882812, 1.2480964660644531]"
1549701415610814340,,[],0,"[99.00051879882812, 1.2480964660644531]"
1549701415610819264,,[],0,"[99.00051879882812, 1.2480964660644531]"
1549701415610824672,,[],0,"[99.00051879882812, 1.2480964660644531]"
1549701415610829019,,[],0,"[99.00051879882812, 1.2480964660644531]"
1549701415611875196,,[],0,"[99.00051879882812, 1.2480964660644531]"
1549701415611887801,,[],0,"[99.00051879882812, 1.2534347772598267]"
1549701415611903344,,[],0,"[99.00051879882812, 1.2534347772598267]"
1549701415612284365,,[],0,"[99.00051879882812, 1.2534347772598267]"
1549701415612319238,,[],0,"[99.00051879882812, 1.235964059829712]"
1549701415612553507,,[],0,"[99.00051879882812, 1.2400082349777222]"
1549701415612855298,,[],0,"[99.00051879882812, 1.2336993217468262]"
1549701415613393232,,[],0,"[99.00051879882812, 1.2336993217468262]"
1549701415613490319,,[],0,"[99.00051879882812, 1.2336993217468262]"
1549701415613657276,,[],0,"[99.00051879882812, 1.2438905239105225]"
1549701415613997295,,[],0,"[99.00051879882812, 1.2438905239105225]"
1549701415614274184,,[],0,"[99.00051879882812, 1.253596544265747]"
1549701415614433266,,[],0,"[99.00051879882812, 1.253596544265747]"
1549701415614758875,,[],0,"[99.00051879882812, 1.2319198846817017]"
1549701415614773914,,[],0,"[99.00051879882812, 1.2319198846817017]"
1549701415614790007,,[],0,"[99.00051879882812, 1.2319198846817017]"
1549701415614797633,,[],0,"[99.00051879882812, 1.2391993999481201]"
1549701415614802966,,[],0,"[99.00051879882812, 1.2391993999481201]"
1549701415614815257,,[],0,"[99.00051879882812, 1.2341846227645874]"
1549701415614821360,,[],0,"[99.00051879882812, 1.2341846227645874]"
1549701415614828115,,[],0,"[99.00051879882812, 1.2369346618652344]"
1549701415614832201,,[],0,"[99.00051879882812, 1.234831690788269]"
1549701415615147659,,[],0,"[99.00051879882812, 1.2328904867172241]"
1549701415616090650,,[],0,"[99.00051879882812, 1.2328904867172241]"
1549701415616205549,,[],0,"[99.00051879882812, 1.2349934577941895]"
1549701415616220383,,[],0,"[99.00051879882812, 1.2349934577941895]"
1549701415616225524,,[],0,"[99.00051879882812, 1.2349934577941895]"
1549701415616230062,,[],0,"[99.00051879882812, 1.2349934577941895]"
1549701415616946596,,[],0,"[99.1197509765625, 1.258287787437439]"
1549701415616956979,,[],0,"[99.1197509765625, 1.258287787437439]"
1549701415617813068,,[],0,"[99.1197509765625, 1.258287787437439]"
1549701415617881052,,[],0,"[99.1197509765625, 1.258287787437439]"
1549701415618695539,,[],0,"[99.1197509765625, 1.2600672245025635]"
1549701415618797349,,[],0,"[99.1197509765625, 1.2600672245025635]"
1549701415618938155,,[],0,"[99.1197509765625, 1.2600672245025635]"
1549701415619051980,,[],0,"[99.1197509765625, 1.2414641380310059]"
1549701415619443216,,[],0,"[99.1197509765625, 1.2414641380310059]"
1549701415619604940,,[],0,"[99.1197509765625, 1.2485817670822144]"
1549701415619926658,,[],0,"[99.1197509765625, 1.2485817670822144]"
1549701415620173638,,[],0,"[99.1197509765625, 1.247611165046692]"
1549701415620185836,,[],0,"[99.1197509765625, 1.247611165046692]"
1549701415620207493,,[],0,"[99.1197509765625, 1.247611165046692]"
1549701415620323045,,[],0,"[99.1197509765625, 1.247611165046692]"
1549701415620434569,,[],0,"[99.1197509765625, 1.247611165046692]"
1549701415620695066,,[],0,"[99.1197509765625, 1.2385523319244385]"
1549701415620711480,,[],0,"[99.1197509765625, 1.2385523319244385]"
1549701415620718890,,[],0,"[99.1197509765625, 1.2385523319244385]"
1549701415620724351,,[],0,"[99.1197509765625, 1.2385523319244385]"
1549701415620730872,,[],0,"[99.1197509765625, 1.2463170289993286]"
1549701415620745342,,[],0,"[99.1197509765625, 1.250037670135498]"
1549701415620752397,,[],0,"[99.1197509765625, 1.2422728538513184]"
1549701415621039300,,[],0,"[99.1197509765625, 1.2393611669540405]"
1549701415621605217,,[],0,"[99.1197509765625, 1.2414641380310059]"
1549701415622033625,,[],0,"[99.1197509765625, 1.2414641380310059]"
1549701415622044352,,[],0,"[99.1197509765625, 1.237581729888916]"
1549701415622050853,,[],0,"[99.1197509765625, 1.237581729888916]"
1549701415622056525,,[],0,"[99.1197509765625, 1.242919921875]"
1549701415622061063,,[],0,"[99.1197509765625, 1.259096622467041]"
1549701415622550923,,[],0,"[99.1197509765625, 1.25472891330719]"
1549701415622649389,,[],0,"[99.1197509765625, 1.25472891330719]"
1549701415623361204,,[],0,"[99.1197509765625, 1.25472891330719]"
1549701415623556567,,[],0,"[99.1197509765625, 1.25472891330719]"
1549701415623685186,,[],0,"[99.1197509765625, 1.245669960975647]"
1549701415623810711,,[],0,"[99.1197509765625, 1.2463170289993286]"
1549701415624054357,,[],0,"[99.1197509765625, 1.2463170289993286]"
1549701415624217007,,[],0,"[99.00051879882812, 1.2458317279815674]"
1549701415624443286,,[],0,"[99.00051879882812, 1.2458317279815674]"
1549701415624611092,,[],0,"[99.00051879882812, 1.2458317279815674]"
1549701415626533444,,[],0,"[99.00051879882812, 1.2532730102539062]"
1549701415626556495,,[],0,"[99.00051879882812, 1.2438905239105225]"
1549701415626845761,,[],0,"[99.00051879882812, 1.2438905239105225]"
1549701415627277272,,[],0,"[99.00051879882812, 1.2482582330703735]"
1549701415627819783,,[],0,"[99.00051879882812, 1.2482582330703735]"
1549701415628367841,,[],0,"[99.00051879882812, 1.2482582330703735]"
1549701415628381162,,[],0,"[99.00051879882812, 1.2482582330703735]"
1549701415628457571,,[],0,"[99.00051879882812, 1.2482582330703735]"
1549701415628545662,,[],0,"[99.00051879882812, 1.2482582330703735]"
1549701415628665937,,[],0,"[99.00051879882812, 1.2482582330703735]"
1549701415628847904,,[],0,"[99.00051879882812, 1.2482582330703735]"
1549701415628862611,,[],0,"[99.00051879882812, 1.2482582330703735]"
1549701415628989452,,[],0,"[99.00051879882812, 1.2482582330703735]"
1549701415628999364,,[],0,"[99.00051879882812, 1.2482582330703735]"
1549701415629003441,,[],0,"[99.00051879882812, 1.2482582330703735]"
1549701415629372035,,[],0,"[99.00051879882812, 1.2482582330703735]"
1549701415629972473,,[],0,"[99.00051879882812, 1.2482582330703735]"
1549701415630181004,,[],0,"[99.00051879882812, 1.2482582330703735]"
1549701415630196743,,[],0,"[99.00051879882812, 1.2540818452835083]"
1549701415630363790,,[],0,"[99.00051879882812, 1.2434052228927612]"
1549701415630380379,,[],0,"[99.00051879882812, 1.2480964660644531]"
1549701415630387805,,[],0,"[99.00051879882812, 1.2506847381591797]"
1549701415630398142,,[],0,"[99.00051879882812, 1.2506847381591797]"
1549701415630415452,,[],0,"[99.00051879882812, 1.2506847381591797]"
1549701415630420787,,[],0,"[99.00051879882812, 1.2506847381591797]"
1549701415630574836,,[],0,"[99.00051879882812, 1.2319198846817017]"
1549701415630620839,,[],0,"[99.16007995605469, 1.2354787588119507]"
1549701415630997669,,[],0,"[99.16007995605469, 1.2427581548690796]"
1549701415631128943,,[],0,"[99.16007995605469, 1.2417875528335571]"
1549701415631243919,,[],0,"[99.16007995605469, 1.2417875528335571]"
1549701415631323567,,[],0,"[99.16007995605469, 1.2446993589401245]"
1549701415631334249,,[],0,"[99.16007995605469, 1.2446993589401245]"
1549701415631533471,,[],0,"[99.16007995605469, 1.2446993589401245]"
1549701415631767193,,[],0,"[99.16007995605469, 1.2361258268356323]"
1549701415631774734,,[],0,"[99.16007995605469, 1.2361258268356323]"
1549701415631847044,,[],0,"[99.16007995605469, 1.2361258268356323]"
1549701415631861629,,[],0,"[99.16007995605469, 1.2417875528335571]"
1549701415631868528,,[],0,"[99.16007995605469, 1.2466405630111694]"
1549701415631874345,,[],0,"[99.16007995605469, 1.2466405630111694]"
1549701415631879532,,[],0,"[99.16007995605469, 1.2466405630111694]"
1549701415631884736,,[],0,"[99.16007995605469, 1.2466405630111694]"
1549701415631904155,,[],0,"[99.16007995605469, 1.2377434968948364]"
1549701415632072096,,[],0,"[99.16007995605469, 1.243728756904602]"
1549701415632105721,,[],0,"[99.16007995605469, 1.243728756904602]"
1549701415632641864,,[],0,"[99.16007995605469, 1.242919921875]"
1549701415632650180,,[],0,"[99.16007995605469, 1.2466405630111694]"
1549701415632873657,,[],0,"[99.16007995605469, 1.2466405630111694]"
1549701415633544996,,[],0,"[99.16007995605469, 1.2349934577941895]"
1549701415633803065,,[],0,"[99.16007995605469, 1.2482582330703735]"
1549701415633962591,,[],0,"[99.16007995605469, 1.2417875528335571]"
1549701415634078216,,[],0,"[99.16007995605469, 1.243728756904602]"
1549701415634156776,,[],0,"[99.16007995605469, 1.243728756904602]"
1549701415634407138,,[],0,"[99.16007995605469, 1.2414641380310059]"
1549701415634556556,,[],0,"[99.16007995605469, 1.2414641380310059]"
1549701415634619960,,[],0,"[99.16007995605469, 1.2364493608474731]"
1549701415634629982,,[],0,"[99.16007995605469, 1.2364493608474731]"
1549701415635015049,,[],0,"[99.16007995605469, 1.246478796005249]"
1549701415635408368,,[],0,"[99.16007995605469, 1.2508465051651]"
1549701415635649287,,[],0,"[99.16007995605469, 1.2508465051651]"
1549701415636233817,,[],0,"[99.16007995605469, 1.2382287979125977]"
1549701415636251572,,[],0,"[99.16007995605469, 1.2382287979125977]"
1549701415636476045,,[],0,"[99.16007995605469, 1.2425963878631592]"
1549701415636555812,,[],0,"[99.16007995605469, 1.2382287979125977]"
1549701415636855552,,[],0,"[99.07942199707031, 1.2495523691177368]"
1549701415637342502,,[],0,"[99.07942199707031, 1.235964059829712]"
1549701415637354722,,[],0,"[99.07942199707031, 1.235964059829712]"
1549701415637360390,,[],0,"[99.07942199707031, 1.2390376329421997]"
1549701415637382120,,[],0,"[99.07942199707031, 1.2390376329421997]"
1549701415637747656,,[],0,"[99.07942199707031, 1.2353169918060303]"
1549701415637775557,,[],0,"[99.07942199707031, 1.2353169918060303]"
1549701415637783727,,[],0,"[99.07942199707031, 1.2353169918060303]"
1549701415638293236,,[],0,"[99.07942199707031, 1.2353169918060303]"
1549701415638767416,,[],0,"[99.07942199707031, 1.2353169918060303]"
1549701415640309333,,[],0,"[99.07942199707031, 1.2434052228927612]"
1549701415640322420,,[],0,"[99.07942199707031, 1.2434052228927612]"
1549701415644881336,,[],0,"[99.07942199707031, 1.2414641380310059]"
1549701415644904017,,[],0,"[99.07942199707031, 1.2566701173782349]"
1549701415645092858,,[],0,"[99.07942199707031, 1.2566701173782349]"
1549701415645121410,,[],0,"[99.07942199707031, 1.2576407194137573]"
1549701415645345262,,[],0,"[99.07942199707031, 1.2576407194137573]"
1549701415645363896,,[],0,"[99.07942199707031, 1.2576407194137573]"
1549701415645372617,,[],0,"[99.07942199707031, 1.2576407194137573]"
1549701415645379762,,[],0,"[99.07942199707031, 1.2576407194137573]"
1549701415645389870,,[],0,"[99.07942199707031, 1.250037670135498]"
1549701415645397702,,[],0,"[99.07942199707031, 1.250037670135498]"
1549701415645404385,,[],0,"[99.07942199707031, 1.250037670135498]"
1549701415645414366,,[],0,"[99.07942199707031, 1.2514935731887817]"
1549701415645421822,,[],0,"[99.07942199707031, 1.2514935731887817]"
1549701415645456122,,[],0,"[99.07942199707031, 1.2518171072006226]"
1549701415645493182,,[],0,"[99.07942199707031, 1.2518171072006226]"
1549701415645500780,,[],0,"[99.1197509765625, 1.2550524473190308]"
1549701415645506955,,[],0,"[99.1197509765625, 1.2550524473190308]"
1549701415646480014,,[],0,"[99.1197509765625, 1.2477729320526123]"
1549701415646850067,,[],0,"[99.1197509765625, 1.2343463897705078]"
1549701415646866358,,[],0,"[99.1197509765625, 1.2514935731887817]"
1549701415646873776,,[],0,"[99.1197509765625, 1.2458317279815674]"
1549701415646879334,,[],0,"[99.1197509765625, 1.2458317279815674]"
1549701415647357785,,[],0,"[99.1197509765625, 1.2518171072006226]"
1549701415647643838,,[],0,"[99.1197509765625, 1.2518171072006226]"
1549701415647867862,,[],0,"[99.1197509765625, 1.2558612823486328]"
1549701415648039371,,[],0,"[99.1197509765625, 1.2558612823486328]"
1549701415648235746,,[],0,"[99.1197509765625, 1.265405535697937]"
1549701415648251481,,[],0,"[99.1197509765625, 1.265405535697937]"
1549701415648571169,,[],0,"[99.1197509765625, 1.2417875528335571]"
1549701415648781240,,[],0,"[99.1197509765625, 1.2417875528335571]"
1549701415649465058,,[],0,"[99.1197509765625, 1.2417875528335571]"
1549701415649684886,,[],0,"[98.96025085449219, 1.2537583112716675]"
1549701415649893897,,[],0,"[98.96025085449219, 1.2537583112716675]"
1549701415649994610,,[],0,"[98.96025085449219, 1.2537583112716675]"
1549701415650011875,,[],0,"[98.96025085449219, 1.2537583112716675]"
1549701415650159405,,[],0,"[98.96025085449219, 1.2401700019836426]"
1549701415650172071,,[],0,"[98.96025085449219, 1.2401700019836426]"
1549701415650736113,,[],0,"[98.96025085449219, 1.2401700019836426]"
1549701415650778189,,[],0,"[98.96025085449219, 1.2374199628829956]"
1549701415650786704,,[],0,"[98.96025085449219, 1.2374199628829956]"
1549701415650792788,,[],0,"[98.96025085449219, 1.2489053010940552]"
1549701415651724902,,[],0,"[98.96025085449219, 1.2489053010940552]"
1549701415655345273,,[],0,"[98.96025085449219, 1.242111086845398]"
1549701415655442236,,[],0,"[98.96025085449219, 1.242111086845398]"
1549701415655716382,,[],0,"[98.96025085449219, 1.242111086845398]"
1549701415655727839,,[],0,"[98.96025085449219, 1.2416259050369263]"
1549701415655888878,,[],0,"[98.96025085449219, 1.2416259050369263]"
1549701415655894908,,[],0,"[98.96025085449219, 1.2416259050369263]"
1549701415655899769,,[],0,"[98.96025085449219, 1.2459934949874878]"
1549701415655903893,,[],0,"[98.96025085449219, 1.2459934949874878]"
1549701415656075428,,[],0,"[98.96025085449219, 1.2446993589401245]"
1549701415656082603,,[],0,"[98.96025085449219, 1.2446993589401245]"
1549701415656087287,,[],0,"[98.96025085449219, 1.2446993589401245]"
1549701415656108140,,[],0,"[98.96025085449219, 1.246478796005249]"
1549701415656153206,,[],0,"[98.96025085449219, 1.246478796005249]"
1549701415656198078,,[],0,"[98.96025085449219, 1.246478796005249]"
1549701415656305758,,[],0,"[98.96025085449219, 1.241140604019165]"
1549701415656328073,,[],0,"[98.96025085449219, 1.241140604019165]"
1549701415656365436,,[],0,"[98.96025085449219, 1.2361258268356323]"
1549701415656404856,,[],0,"[98.96025085449219, 1.2361258268356323]"
1549701415656526921,,[],0,"[98.96025085449219, 1.2615231275558472]"
1549701415656859293,,[],0,"[98.96025085449219, 1.2615231275558472]"
1549701415656867901,,[],0,"[98.96025085449219, 1.2615231275558472]"
1549701415656943135,,[],0,"[98.96025085449219, 1.2408170700073242]"
1549701415656999483,,[],0,"[98.96025085449219, 1.2408170700073242]"
1549701415657839254,,[],0,"[98.96025085449219, 1.2471258640289307]"
1549701415657852404,,[],0,"[98.96025085449219, 1.250037670135498]"
1549701415657859888,,[],0,"[98.96025085449219, 1.250037670135498]"
1549701415657935403,,[],0,"[98.96025085449219, 1.250037670135498]"
1549701415657940573,,[],0,"[98.96025085449219, 1.2513318061828613]"
1549701415658011031,,[],0,"[98.96025085449219, 1.2513318061828613]"
1549701415658065546,,[],0,"[98.96025085449219, 1.2513318061828613]"
1549701415658536323,,[],0,"[98.96025085449219, 1.253920078277588]"
1549701415658653020,,[],0,"[98.96025085449219, 1.253920078277588]"
1549701415658915980,,[],0,"[99.1197509765625, 1.2380670309066772]"
1549701415659173687,,[],0,"[99.1197509765625, 1.2380670309066772]"
1549701415659243090,,[],0,"[99.1197509765625, 1.2370964288711548]"
1549701415660013950,,[],0,"[99.1197509765625, 1.2370964288711548]"
1549701415660025077,,[],0,"[99.1197509765625, 1.2370964288711548]"
1549701415660157053,,[],0,"[99.1197509765625, 1.2387140989303589]"
1549701415660216189,,[],0,"[99.1197509765625, 1.2372581958770752]"
1549701415661196649,,[],0,"[99.1197509765625, 1.2434052228927612]"
1549701415661452709,,[],0,"[99.1197509765625, 1.2532730102539062]"
1549701415661516046,,[],0,"[99.1197509765625, 1.2532730102539062]"
1549701415661818712,,[],0,"[99.1197509765625, 1.2364493608474731]"
1549701415663948625,,[],0,"[99.1197509765625, 1.2364493608474731]"
1549701415663981426,,[],0,"[99.1197509765625, 1.2413023710250854]"
1549701415664087619,,[],0,"[99.1197509765625, 1.2379052639007568]"
1549701415664100070,,[],0,"[99.1197509765625, 1.2379052639007568]"
1549701415664105174,,[],0,"[99.1197509765625, 1.250037670135498]"
1549701415664147357,,[],0,"[99.1197509765625, 1.2469640970230103]"
1549701415664158777,,[],0,"[99.1197509765625, 1.2469640970230103]"
1549701415664163995,,[],0,"[99.1197509765625, 1.2404935359954834]"
1549701415664168945,,[],0,"[99.1197509765625, 1.2303022146224976]"
1549701415664197089,,[],0,"[99.1197509765625, 1.2303022146224976]"
1549701415664269754,,[],0,"[99.1197509765625, 1.2349934577941895]"
1549701415664275356,,[],0,"[99.1197509765625, 1.227713942527771]"
1549701415664312554,,[],0,"[99.1197509765625, 1.227713942527771]"
1549701415664320974,,[],0,"[99.1197509765625, 1.227713942527771]"
1549701415664335588,,[],0,"[99.1197509765625, 1.2307875156402588]"
1549701415664345521,,[],0,"[99.1197509765625, 1.2307875156402588]"
1549701415664360768,,[],0,"[99.1197509765625, 1.2306257486343384]"
1549701415664372198,,[],0,"[99.1197509765625, 1.2306257486343384]"
1549701415664405830,,[],0,"[99.1197509765625, 1.2319198846817017]"
1549701415664413661,,[],0,"[99.1197509765625, 1.2319198846817017]"
1549701415664420055,,[],0,"[99.1197509765625, 1.2286845445632935]"
1549701415664426042,,[],0,"[99.1197509765625, 1.2286845445632935]"
1549701415664430241,,[],0,"[99.1197509765625, 1.2286845445632935]"
1549701415664482399,,[],0,"[99.1197509765625, 1.2278757095336914]"
1549701415664494344,,[],0,"[99.1197509765625, 1.2278757095336914]"
1549701415664506484,,[],0,"[99.1197509765625, 1.2278757095336914]"
1549701415664513304,,[],0,"[99.1197509765625, 1.2278757095336914]"
1549701415665193996,,[],0,"[99.1197509765625, 1.2209197282791138]"
1549701415665400986,,[],0,"[99.1197509765625, 1.2209197282791138]"
1549701415665649234,,[],0,"[99.1197509765625, 1.2209197282791138]"
1549701415665959550,,[],0,"[99.1197509765625, 1.2209197282791138]"
1549701415666198283,,[],0,"[99.1197509765625, 1.2209197282791138]"
1549701415666208140,,[],0,"[99.1197509765625, 1.2175226211547852]"
1549701415666213127,,[],0,"[99.1197509765625, 1.2210814952850342]"
1549701415666470587,,[],0,"[99.1197509765625, 1.2210814952850342]"
1549701415666837815,,[],0,"[99.1197509765625, 1.2370964288711548]"
1549701415667023326,,[],0,"[99.1197509765625, 1.2370964288711548]"
1549701415667344792,,[],0,"[99.1197509765625, 1.2327287197113037]"
1549701415667642468,,[],0,"[99.1197509765625, 1.2328904867172241]"
1549701415668068780,,[],0,"[99.1197509765625, 1.228522777557373]"
1549701415668082708,,[],0,"[99.1197509765625, 1.228522777557373]"
1549701415669153532,,[],0,"[99.16007995605469, 1.2336993217468262]"
1549701415669716309,,[],0,"[99.16007995605469, 1.2336993217468262]"
1549701415669736980,,[],0,"[99.16007995605469, 1.2391993999481201]"
1549701415670402451,,[],0,"[99.16007995605469, 1.2497141361236572]"
1549701415670475305,,[],0,"[99.16007995605469, 1.2497141361236572]"
1549701415670531908,,[],0,"[99.16007995605469, 1.2469640970230103]"
1549701415670576646,,[],0,"[99.16007995605469, 1.2469640970230103]"
1549701415670590304,,[],0,"[99.16007995605469, 1.2469640970230103]"
1549701415670598475,,[],0,"[99.16007995605469, 1.2469640970230103]"
1549701415670604792,,[],0,"[99.16007995605469, 1.2374199628829956]"
1549701415670853117,,[],0,"[99.16007995605469, 1.2565083503723145]"
1549701415671110803,,[],0,"[99.16007995605469, 1.2565083503723145]"
1549701415671965969,,[],0,"[99.16007995605469, 1.2569936513900757]"
1549701415672021050,,[],0,"[99.16007995605469, 1.2569936513900757]"
1549701415674641034,,[],0,"[99.16007995605469, 1.2569936513900757]"
1549701415674814283,,[],0,"[99.16007995605469, 1.2432434558868408]"
1549701415675242593,,[],0,"[99.16007995605469, 1.2432434558868408]"
1549701415675902965,,[],0,"[99.16007995605469, 1.2432434558868408]"
1549701415676080136,,[],0,"[99.16007995605469, 1.2505229711532593]"
1549701415676836533,,[],0,"[99.16007995605469, 1.2505229711532593]"
1549701415676917908,,[],0,"[99.16007995605469, 1.2505229711532593]"
1549701415676936562,,[],0,"[99.16007995605469, 1.2505229711532593]"
1549701415676948148,,[],0,"[99.16007995605469, 1.2505229711532593]"
1549701415676955532,,[],0,"[99.16007995605469, 1.2505229711532593]"
1549701415676973395,,[],0,"[99.16007995605469, 1.2505229711532593]"
1549701415677007166,,[],0,"[99.16007995605469, 1.2385523319244385]"
1549701415677016854,,[],0,"[99.16007995605469, 1.2385523319244385]"
1549701415677029821,,[],0,"[99.16007995605469, 1.2283610105514526]"
1549701415677039514,,[],0,"[99.16007995605469, 1.2283610105514526]"
1549701415677046484,,[],0,"[99.16007995605469, 1.2471258640289307]"
1549701415677074860,,[],0,"[99.16007995605469, 1.2471258640289307]"
1549701415677079664,,[],0,"[99.16007995605469, 1.2534347772598267]"
1549701415677105295,,[],0,"[99.16007995605469, 1.2534347772598267]"
1549701415677121257,,[],0,"[99.16007995605469, 1.2534347772598267]"
1549701415677297088,,[],0,"[99.16007995605469, 1.2534347772598267]"
1549701415677465125,,[],0,"[99.16007995605469, 1.2459934949874878]"
1549701415678697843,,[],0,"[99.16007995605469, 1.2671849727630615]"
1549701415678710617,,[],0,"[99.16007995605469, 1.2314345836639404]"
1549701415680320378,,[],0,"[99.1197509765625, 1.2338610887527466]"
1549701415680333637,,[],0,"[99.1197509765625, 1.2338610887527466]"
1549701415680395735,,[],0,"[99.1197509765625, 1.2338610887527466]"
1549701415680452054,,[],0,"[99.1197509765625, 1.257155418395996]"
1549701415680598678,,[],0,"[99.1197509765625, 1.257155418395996]"
1549701415680605290,,[],0,"[99.1197509765625, 1.2901557683944702]"
1549701415680653676,,[],0,"[99.1197509765625, 1.2901557683944702]"
1549701415680859224,,[],0,"[99.1197509765625, 1.3018029928207397]"
1549701415680864493,,[],0,"[99.1197509765625, 1.2828762531280518]"
1549701415680869530,,[],0,"[99.1197509765625, 1.2828762531280518]"
1549701415680873697,,[],0,"[99.1197509765625, 1.2828762531280518]"
1549701415680923600,,[],0,"[99.1197509765625, 1.2828762531280518]"
1549701415680973348,,[],0,"[99.1197509765625, 1.2828762531280518]"
1549701415682111989,,[],0,"[99.1197509765625, 1.2116990089416504]"
1549701415682429799,,[],0,"[99.1197509765625, 1.2116990089416504]"
1549701415682523103,,[],0,"[99.1197509765625, 1.2180079221725464]"
1549701415682865982,,[],0,"[99.16007995605469, 1.2003754377365112]"
1549701415683118697,,[],0,"[99.16007995605469, 1.1782134771347046]"
1549701415683425007,,[],0,"[99.16007995605469, 1.1782134771347046]"
1549701415683442774,,[],0,"[99.16007995605469, 1.1782134771347046]"
1549701415683459781,,[],0,"[99.16007995605469, 1.2136402130126953]"
1549701415683685117,,[],0,"[99.16007995605469, 1.2136402130126953]"
1549701415683967529,,[],0,"[99.16007995605469, 1.2136402130126953]"
1549701415683981095,,[],0,"[99.16007995605469, 1.1918017864227295]"
1549701415684735730,,[],0,"[99.16007995605469, 1.146183729171753]"
1549701415684747876,,[],0,"[99.16007995605469, 1.146183729171753]"
1549701415685203661,,[],0,"[99.16007995605469, 1.146183729171753]"
1549701415685720659,,[],0,"[99.16007995605469, 1.146183729171753]"
1549701415685932449,,[],0,"[99.16007995605469, 1.177566409111023]"
1549701415685944662,,[],0,"[99.16007995605469, 1.1484483480453491]"
1549701415686165557,,[],0,"[99.16007995605469, 1.1757869720458984]"
1549701415686452236,,[],0,"[99.16007995605469, 1.1757869720458984]"
1549701415686518225,,[],0,"[99.16007995605469, 1.1757869720458984]"
1549701415686525997,,[],0,"[99.16007995605469, 1.1757869720458984]"
1549701415686692143,,[],0,"[99.16007995605469, 1.146183729171753]"
1549701415686966811,,[],0,"[99.16007995605469, 1.146183729171753]"
1549701415687249203,,[],0,"[99.16007995605469, 1.1088156700134277]"
1549701415687409691,,[],0,"[99.16007995605469, 1.1088156700134277]"
1549701415687569587,,[],0,"[99.16007995605469, 1.1088156700134277]"
1549701415687670980,,[],0,"[99.16007995605469, 1.1317864656448364]"
1549701415687758780,,[],0,"[99.16007995605469, 1.1317864656448364]"
1549701415687949145,,[],0,"[99.16007995605469, 1.1317864656448364]"
1549701415687959513,,[],0,"[99.16007995605469, 1.1317864656448364]"
1549701415688086241,,[],0,"[99.16007995605469, 1.1468307971954346]"
1549701415688102090,,[],0,"[99.16007995605469, 1.1468307971954346]"
1549701415688108265,,[],0,"[99.16007995605469, 1.1086539030075073]"
1549701415688114766,,[],0,"[99.16007995605469, 1.1086539030075073]"
1549701415692173633,,[],0,"[99.16007995605469, 1.3592300415039062]"
1549701415692299831,,[],0,"[99.16007995605469, 1.3592300415039062]"
1549701415692328827,,[],0,"[99.16007995605469, 1.3592300415039062]"
1549701415692339898,,[],0,"[99.16007995605469, 1.3592300415039062]"
1549701415692497270,,[],0,"[99.23898315429688, 1.3021265268325806]"
1549701415692509731,,[],0,"[99.23898315429688, 1.1327570676803589]"
1549701415693727816,,[],0,"[99.23898315429688, 0.925696074962616]"
1549701415693745701,,[],0,"[99.23898315429688, 1.167698621749878]"
1549701415693754919,,[],0,"[99.23898315429688, 1.2450228929519653]"
1549701415693807337,,[],0,"[99.23898315429688, 1.2450228929519653]"
1549701415693913001,,[],0,"[99.1197509765625, 1.2162284851074219]"
1549701415694471271,,[],0,"[99.1197509765625, 1.2162284851074219]"
1549701415694487996,,[],0,"[99.1197509765625, 1.0610945224761963]"
1549701415694533036,,[],0,"[99.1197509765625, 1.0610945224761963]"
1549701415694572110,,[],0,"[99.1197509765625, 1.0610945224761963]"
1549701415695270813,,[],0,"[99.1197509765625, 1.110918641090393]"
1549701415695287631,,[],0,"[99.1197509765625, 1.2794791460037231]"
