rosbagTimestamp,layout,dim,data_offset,data
1549701394322001092,,[],0,"[99.1197509765625, 1.2600672245025635]"
1549701394322029827,,[],0,"[99.1197509765625, 1.246478796005249]"
1549701394322698595,,[],0,"[99.1197509765625, 1.246478796005249]"
1549701394324533480,,[],0,"[99.1197509765625, 1.246478796005249]"
1549701394326872834,,[],0,"[99.1197509765625, 1.246478796005249]"
1549701394328095262,,[],0,"[99.1197509765625, 1.246478796005249]"
1549701394328130115,,[],0,"[99.1197509765625, 1.246478796005249]"
1549701394328247049,,[],0,"[99.1197509765625, 1.246478796005249]"
1549701394328335455,,[],0,"[99.1197509765625, 1.246478796005249]"
1549701394328655734,,[],0,"[99.1197509765625, 1.246478796005249]"
1549701394329226843,,[],0,"[99.1197509765625, 1.246478796005249]"
1549701394329547179,,[],0,"[99.1197509765625, 1.246478796005249]"
1549701394329972693,,[],0,"[99.1197509765625, 1.246478796005249]"
1549701394330119498,,[],0,"[99.1197509765625, 1.246478796005249]"
1549701394330512000,,[],0,"[99.1197509765625, 1.246478796005249]"
1549701394330834130,,[],0,"[99.1197509765625, 1.246478796005249]"
1549701394330953899,,[],0,"[99.1197509765625, 1.246478796005249]"
1549701394331525161,,[],0,"[99.1197509765625, 1.246478796005249]"
1549701394331820843,,[],0,"[99.1197509765625, 1.2513318061828613]"
1549701394331838425,,[],0,"[99.1197509765625, 1.2589348554611206]"
1549701394331917433,,[],0,"[99.1197509765625, 1.2587730884552002]"
1549701394332087560,,[],0,"[99.1197509765625, 1.2560230493545532]"
1549701394332102583,,[],0,"[99.1197509765625, 1.2560230493545532]"
1549701394332203009,,[],0,"[99.1197509765625, 1.2560230493545532]"
1549701394332325289,,[],0,"[99.1197509765625, 1.2560230493545532]"
1549701394332572973,,[],0,"[99.1197509765625, 1.2560230493545532]"
1549701394332825866,,[],0,"[99.1197509765625, 1.2560230493545532]"
1549701394332965460,,[],0,"[99.1197509765625, 1.2560230493545532]"
1549701394333213795,,[],0,"[99.1197509765625, 1.2560230493545532]"
1549701394333393995,,[],0,"[99.1197509765625, 1.2560230493545532]"
1549701394333532205,,[],0,"[99.1197509765625, 1.2560230493545532]"
1549701394333544670,,[],0,"[99.1197509765625, 1.2560230493545532]"
1549701394333809336,,[],0,"[99.1197509765625, 1.2560230493545532]"
1549701394333832621,,[],0,"[99.1197509765625, 1.2560230493545532]"
1549701394334074980,,[],0,"[99.1197509765625, 1.2443758249282837]"
1549701394334130864,,[],0,"[99.1197509765625, 1.2443758249282837]"
1549701394334151541,,[],0,"[99.1197509765625, 1.2443758249282837]"
1549701394334161407,,[],0,"[99.1197509765625, 1.2560230493545532]"
1549701394334456735,,[],0,"[99.1197509765625, 1.2560230493545532]"
1549701394334479023,,[],0,"[99.1197509765625, 1.2560230493545532]"
1549701394334494986,,[],0,"[99.1197509765625, 1.2560230493545532]"
1549701394334592932,,[],0,"[99.1197509765625, 1.2560230493545532]"
1549701394334733219,,[],0,"[99.1197509765625, 1.2435669898986816]"
1549701394335155895,,[],0,"[99.1197509765625, 1.2435669898986816]"
1549701394335430362,,[],0,"[99.1197509765625, 1.2369346618652344]"
1549701394335513876,,[],0,"[99.1197509765625, 1.2369346618652344]"
1549701394336000655,,[],0,"[99.1197509765625, 1.2513318061828613]"
1549701394336015293,,[],0,"[99.1197509765625, 1.2490670680999756]"
1549701394336022861,,[],0,"[99.1197509765625, 1.2490670680999756]"
1549701394336030836,,[],0,"[99.1197509765625, 1.2417875528335571]"
1549701394336035763,,[],0,"[99.1197509765625, 1.2417875528335571]"
1549701394336043236,,[],0,"[99.1197509765625, 1.2501994371414185]"
1549701394336052180,,[],0,"[99.1197509765625, 1.2501994371414185]"
1549701394336079488,,[],0,"[99.1197509765625, 1.2430816888809204]"
1549701394336088201,,[],0,"[99.1197509765625, 1.2430816888809204]"
1549701394336093025,,[],0,"[99.1197509765625, 1.2430816888809204]"
1549701394336115350,,[],0,"[99.1197509765625, 1.2430816888809204]"
1549701394336120840,,[],0,"[99.1197509765625, 1.2430816888809204]"
1549701394336150066,,[],0,"[99.1197509765625, 1.2430816888809204]"
1549701394336154190,,[],0,"[99.1197509765625, 1.2430816888809204]"
1549701394336175340,,[],0,"[99.1197509765625, 1.237581729888916]"
1549701394336191643,,[],0,"[99.1197509765625, 1.2463170289993286]"
1549701394336208310,,[],0,"[99.1197509765625, 1.2463170289993286]"
1549701394336228625,,[],0,"[99.1197509765625, 1.2463170289993286]"
1549701394336244600,,[],0,"[99.1197509765625, 1.2463170289993286]"
1549701394336262674,,[],0,"[99.1197509765625, 1.2489053010940552]"
1549701394336305601,,[],0,"[99.1197509765625, 1.2489053010940552]"
1549701394336314674,,[],0,"[99.1197509765625, 1.2489053010940552]"
1549701394336338334,,[],0,"[99.1197509765625, 1.2425963878631592]"
1549701394336350354,,[],0,"[99.1197509765625, 1.2425963878631592]"
1549701394336361205,,[],0,"[99.1197509765625, 1.2425963878631592]"
1549701394336369939,,[],0,"[99.1197509765625, 1.2495523691177368]"
1549701394336389122,,[],0,"[99.1197509765625, 1.2495523691177368]"
1549701394336396834,,[],0,"[99.1197509765625, 1.2495523691177368]"
1549701394336401639,,[],0,"[99.1197509765625, 1.2468023300170898]"
1549701394336416103,,[],0,"[99.1197509765625, 1.247287631034851]"
1549701394336442667,,[],0,"[99.1197509765625, 1.247287631034851]"
1549701394336452978,,[],0,"[99.1197509765625, 1.247287631034851]"
1549701394336467839,,[],0,"[99.1197509765625, 1.247287631034851]"
1549701394336473834,,[],0,"[99.1197509765625, 1.247287631034851]"
1549701394336479984,,[],0,"[99.1197509765625, 1.247287631034851]"
1549701394336484777,,[],0,"[99.1197509765625, 1.247287631034851]"
1549701394336490889,,[],0,"[99.1197509765625, 1.247287631034851]"
1549701394336968069,,[],0,"[99.1197509765625, 1.247287631034851]"
1549701394336974226,,[],0,"[99.1197509765625, 1.247287631034851]"
1549701394337002534,,[],0,"[99.1197509765625, 1.247287631034851]"
1549701394337078459,,[],0,"[99.1197509765625, 1.247287631034851]"
1549701394337088164,,[],0,"[99.1197509765625, 1.247287631034851]"
1549701394337098144,,[],0,"[99.1197509765625, 1.247287631034851]"
1549701394337622787,,[],0,"[99.1197509765625, 1.247287631034851]"
1549701394337657924,,[],0,"[99.1197509765625, 1.247287631034851]"
1549701394337915746,,[],0,"[99.1197509765625, 1.247287631034851]"
1549701394338029832,,[],0,"[99.1197509765625, 1.2440522909164429]"
1549701394338153052,,[],0,"[99.1197509765625, 1.242111086845398]"
1549701394338924650,,[],0,"[99.1197509765625, 1.2487435340881348]"
1549701394339316889,,[],0,"[99.1197509765625, 1.2440522909164429]"
1549701394339464797,,[],0,"[99.1197509765625, 1.2440522909164429]"
1549701394340106640,,[],0,"[99.00051879882812, 1.2327287197113037]"
1549701394340480034,,[],0,"[99.00051879882812, 1.2422728538513184]"
1549701394340490150,,[],0,"[99.00051879882812, 1.2422728538513184]"
1549701394340734726,,[],0,"[99.00051879882812, 1.2388758659362793]"
1549701394341223038,,[],0,"[99.00051879882812, 1.2388758659362793]"
1549701394341235259,,[],0,"[99.00051879882812, 1.2388758659362793]"
1549701394341244838,,[],0,"[99.00051879882812, 1.2379052639007568]"
1549701394341680674,,[],0,"[99.00051879882812, 1.2503612041473389]"
1549701394341688132,,[],0,"[99.00051879882812, 1.2440522909164429]"
1549701394341792283,,[],0,"[99.00051879882812, 1.2440522909164429]"
1549701394344048959,,[],0,"[99.00051879882812, 1.247611165046692]"
1549701394344087076,,[],0,"[99.00051879882812, 1.2393611669540405]"
1549701394345075375,,[],0,"[99.00051879882812, 1.2393611669540405]"
1549701394345947719,,[],0,"[99.00051879882812, 1.248420000076294]"
1549701394346126616,,[],0,"[99.00051879882812, 1.248420000076294]"
1549701394346457751,,[],0,"[99.00051879882812, 1.256346583366394]"
1549701394346643345,,[],0,"[99.00051879882812, 1.256346583366394]"
1549701394346957264,,[],0,"[99.00051879882812, 1.256346583366394]"
1549701394347187731,,[],0,"[99.00051879882812, 1.256346583366394]"
1549701394347392658,,[],0,"[99.00051879882812, 1.2487435340881348]"
1549701394347631500,,[],0,"[99.00051879882812, 1.2487435340881348]"
1549701394348168846,,[],0,"[99.00051879882812, 1.2487435340881348]"
1549701394348206935,,[],0,"[99.00051879882812, 1.243728756904602]"
1549701394348549817,,[],0,"[99.00051879882812, 1.243728756904602]"
1549701394348865741,,[],0,"[99.00051879882812, 1.239522933959961]"
1549701394349676088,,[],0,"[99.00051879882812, 1.239522933959961]"
1549701394349802045,,[],0,"[99.00051879882812, 1.2427581548690796]"
1549701394350344541,,[],0,"[99.00051879882812, 1.2427581548690796]"
1549701394350526152,,[],0,"[99.00051879882812, 1.2427581548690796]"
1549701394350778899,,[],0,"[99.00051879882812, 1.2408170700073242]"
1549701394350822850,,[],0,"[99.00051879882812, 1.2408170700073242]"
1549701394351041681,,[],0,"[99.00051879882812, 1.2408170700073242]"
1549701394351125476,,[],0,"[99.00051879882812, 1.2516553401947021]"
1549701394351457347,,[],0,"[99.04080200195312, 1.236772894859314]"
1549701394351820645,,[],0,"[99.04080200195312, 1.236772894859314]"
1549701394352134096,,[],0,"[99.04080200195312, 1.236772894859314]"
1549701394352709084,,[],0,"[99.04080200195312, 1.2430816888809204]"
1549701394352781139,,[],0,"[99.04080200195312, 1.2430816888809204]"
1549701394353375721,,[],0,"[99.04080200195312, 1.2430816888809204]"
1549701394353914065,,[],0,"[99.04080200195312, 1.2523024082183838]"
1549701394354142834,,[],0,"[99.04080200195312, 1.2523024082183838]"
1549701394354506823,,[],0,"[99.04080200195312, 1.2523024082183838]"
1549701394354639956,,[],0,"[99.04080200195312, 1.2498759031295776]"
1549701394354709201,,[],0,"[99.04080200195312, 1.2498759031295776]"
1549701394355091949,,[],0,"[99.04080200195312, 1.2393611669540405]"
1549701394355326407,,[],0,"[99.04080200195312, 1.2388758659362793]"
1549701394356525716,,[],0,"[99.04080200195312, 1.2388758659362793]"
1549701394357056066,,[],0,"[99.04080200195312, 1.2330522537231445]"
1549701394357663647,,[],0,"[99.04080200195312, 1.2330522537231445]"
1549701394357985258,,[],0,"[99.04080200195312, 1.2330522537231445]"
1549701394358393824,,[],0,"[99.04080200195312, 1.2330522537231445]"
1549701394358802974,,[],0,"[99.04080200195312, 1.234831690788269]"
1549701394359249271,,[],0,"[99.04080200195312, 1.234831690788269]"
1549701394359263200,,[],0,"[99.04080200195312, 1.2440522909164429]"
1549701394359269409,,[],0,"[99.04080200195312, 1.2440522909164429]"
1549701394359276911,,[],0,"[99.04080200195312, 1.2440522909164429]"
1549701394359282500,,[],0,"[99.04080200195312, 1.2440522909164429]"
1549701394359303932,,[],0,"[99.04080200195312, 1.2440522909164429]"
1549701394359309136,,[],0,"[99.04080200195312, 1.2440522909164429]"
1549701394359929558,,[],0,"[98.96025085449219, 1.2432434558868408]"
1549701394360417445,,[],0,"[98.96025085449219, 1.2388758659362793]"
1549701394360426262,,[],0,"[98.96025085449219, 1.2377434968948364]"
1549701394360636733,,[],0,"[98.96025085449219, 1.2377434968948364]"
1549701394360766136,,[],0,"[98.96025085449219, 1.2301404476165771]"
1549701394360912049,,[],0,"[98.96025085449219, 1.2301404476165771]"
1549701394360929864,,[],0,"[98.96025085449219, 1.2301404476165771]"
1549701394360936722,,[],0,"[98.96025085449219, 1.2301404476165771]"
1549701394360949944,,[],0,"[98.96025085449219, 1.2256109714508057]"
1549701394361140795,,[],0,"[98.96025085449219, 1.2497141361236572]"
1549701394361146495,,[],0,"[98.96025085449219, 1.2497141361236572]"
1549701394361151172,,[],0,"[98.96025085449219, 1.2497141361236572]"
1549701394361156136,,[],0,"[98.96025085449219, 1.2497141361236572]"
1549701394361284210,,[],0,"[98.96025085449219, 1.2497141361236572]"
1549701394361652852,,[],0,"[98.96025085449219, 1.2497141361236572]"
1549701394361769458,,[],0,"[98.96025085449219, 1.235640525817871]"
1549701394361777243,,[],0,"[98.96025085449219, 1.235640525817871]"
1549701394361781543,,[],0,"[98.96025085449219, 1.2427581548690796]"
1549701394361814810,,[],0,"[98.96025085449219, 1.2427581548690796]"
1549701394362062070,,[],0,"[98.96025085449219, 1.2427581548690796]"
1549701394362070934,,[],0,"[98.96025085449219, 1.2388758659362793]"
1549701394362140285,,[],0,"[98.96025085449219, 1.2406553030014038]"
1549701394362153172,,[],0,"[98.96025085449219, 1.2406553030014038]"
1549701394362191776,,[],0,"[98.96025085449219, 1.2463170289993286]"
1549701394362199007,,[],0,"[98.96025085449219, 1.2463170289993286]"
1549701394362205775,,[],0,"[98.96025085449219, 1.2451846599578857]"
1549701394362212692,,[],0,"[98.96025085449219, 1.2453464269638062]"
1549701394362217860,,[],0,"[98.96025085449219, 1.2453464269638062]"
1549701394362275424,,[],0,"[98.96025085449219, 1.2453464269638062]"
1549701394362282792,,[],0,"[98.96025085449219, 1.2267433404922485]"
1549701394362294808,,[],0,"[98.96025085449219, 1.2267433404922485]"
1549701394362540542,,[],0,"[98.96025085449219, 1.2393611669540405]"
1549701394362547114,,[],0,"[98.96025085449219, 1.2393611669540405]"
1549701394362553400,,[],0,"[98.96025085449219, 1.2393611669540405]"
1549701394362561077,,[],0,"[98.96025085449219, 1.2450228929519653]"
1549701394362574783,,[],0,"[98.96025085449219, 1.2450228929519653]"
1549701394362585935,,[],0,"[98.96025085449219, 1.246478796005249]"
1549701394362628186,,[],0,"[98.96025085449219, 1.246478796005249]"
1549701394362635250,,[],0,"[98.96025085449219, 1.246478796005249]"
1549701394362645935,,[],0,"[98.96025085449219, 1.246478796005249]"
1549701394362653669,,[],0,"[99.00051879882812, 1.2370964288711548]"
1549701394362661061,,[],0,"[99.00051879882812, 1.2346699237823486]"
1549701394362680544,,[],0,"[99.00051879882812, 1.2346699237823486]"
1549701394362689264,,[],0,"[99.00051879882812, 1.2353169918060303]"
1549701394362694602,,[],0,"[99.00051879882812, 1.2353169918060303]"
1549701394362708256,,[],0,"[99.00051879882812, 1.2353169918060303]"
1549701394362716376,,[],0,"[99.00051879882812, 1.2353169918060303]"
1549701394362721638,,[],0,"[99.00051879882812, 1.2353169918060303]"
1549701394362761652,,[],0,"[99.00051879882812, 1.2353169918060303]"
1549701394362785936,,[],0,"[99.00051879882812, 1.2353169918060303]"
1549701394362790380,,[],0,"[99.00051879882812, 1.2353169918060303]"
1549701394362816209,,[],0,"[99.00051879882812, 1.2353169918060303]"
1549701394362821006,,[],0,"[99.00051879882812, 1.2353169918060303]"
1549701394362825429,,[],0,"[99.00051879882812, 1.2353169918060303]"
1549701394362863994,,[],0,"[99.00051879882812, 1.2353169918060303]"
1549701394362868020,,[],0,"[99.00051879882812, 1.2353169918060303]"
1549701394362871833,,[],0,"[99.00051879882812, 1.2471258640289307]"
1549701394362875482,,[],0,"[99.00051879882812, 1.2401700019836426]"
1549701394362890641,,[],0,"[99.00051879882812, 1.2391993999481201]"
1549701394363298406,,[],0,"[99.00051879882812, 1.2391993999481201]"
1549701394363551315,,[],0,"[99.00051879882812, 1.244537591934204]"
1549701394363683196,,[],0,"[99.00051879882812, 1.244537591934204]"
1549701394363916481,,[],0,"[99.00051879882812, 1.244537591934204]"
1549701394364187123,,[],0,"[99.00051879882812, 1.2453464269638062]"
1549701394364428757,,[],0,"[99.00051879882812, 1.247611165046692]"
1549701394364776267,,[],0,"[99.00051879882812, 1.2404935359954834]"
1549701394364986869,,[],0,"[99.00051879882812, 1.2404935359954834]"
1549701394365022895,,[],0,"[99.00051879882812, 1.2366111278533936]"
1549701394365135848,,[],0,"[99.00051879882812, 1.2366111278533936]"
1549701394365842584,,[],0,"[99.00051879882812, 1.2366111278533936]"
1549701394365853854,,[],0,"[99.00051879882812, 1.2438905239105225]"
1549701394366058297,,[],0,"[99.00051879882812, 1.2438905239105225]"
1549701394366067379,,[],0,"[99.00051879882812, 1.2438905239105225]"
1549701394366072528,,[],0,"[99.00051879882812, 1.2409788370132446]"
1549701394366347063,,[],0,"[99.00051879882812, 1.2466405630111694]"
1549701394366439975,,[],0,"[99.00051879882812, 1.2281992435455322]"
1549701394366756709,,[],0,"[99.00051879882812, 1.2424346208572388]"
1549701394366771188,,[],0,"[99.00051879882812, 1.2424346208572388]"
1549701394367022981,,[],0,"[99.00051879882812, 1.2506847381591797]"
1549701394367033701,,[],0,"[99.00051879882812, 1.2506847381591797]"
1549701394367295758,,[],0,"[99.00051879882812, 1.2497141361236572]"
1549701394367368302,,[],0,"[99.00051879882812, 1.2497141361236572]"
1549701394367561731,,[],0,"[99.00051879882812, 1.2497141361236572]"
1549701394367895971,,[],0,"[99.00051879882812, 1.2497141361236572]"
1549701394368034624,,[],0,"[99.00051879882812, 1.2406553030014038]"
1549701394368043776,,[],0,"[99.00051879882812, 1.2406553030014038]"
1549701394368050182,,[],0,"[99.00051879882812, 1.239522933959961]"
1549701394368071464,,[],0,"[99.00051879882812, 1.239522933959961]"
1549701394368245660,,[],0,"[99.00051879882812, 1.2468023300170898]"
1549701394368598039,,[],0,"[99.00051879882812, 1.2468023300170898]"
1549701394368839183,,[],0,"[99.00051879882812, 1.2468023300170898]"
1549701394368849009,,[],0,"[99.00051879882812, 1.2468023300170898]"
1549701394368873817,,[],0,"[99.00051879882812, 1.2477729320526123]"
1549701394369465628,,[],0,"[99.00051879882812, 1.2382287979125977]"
1549701394370976426,,[],0,"[99.00051879882812, 1.2382287979125977]"
1549701394371080649,,[],0,"[99.00051879882812, 1.2382287979125977]"
1549701394371269444,,[],0,"[99.00051879882812, 1.2382287979125977]"
1549701394371455182,,[],0,"[99.00051879882812, 1.256346583366394]"
1549701394371813472,,[],0,"[99.00051879882812, 1.242111086845398]"
1549701394372016897,,[],0,"[99.00051879882812, 1.242111086845398]"
1549701394372151689,,[],0,"[99.00051879882812, 1.242111086845398]"
1549701394372162761,,[],0,"[99.00051879882812, 1.2560230493545532]"
1549701394372167550,,[],0,"[99.00051879882812, 1.2560230493545532]"
1549701394372190543,,[],0,"[99.00051879882812, 1.250037670135498]"
1549701394374151454,,[],0,"[99.00051879882812, 1.250037670135498]"
1549701394374165344,,[],0,"[99.00051879882812, 1.250037670135498]"
1549701394374172716,,[],0,"[99.00051879882812, 1.250037670135498]"
1549701394374180690,,[],0,"[99.00051879882812, 1.250037670135498]"
1549701394374186718,,[],0,"[99.00051879882812, 1.250037670135498]"
1549701394374194773,,[],0,"[99.00051879882812, 1.250037670135498]"
1549701394375060103,,[],0,"[99.00051879882812, 1.250037670135498]"
1549701394375112588,,[],0,"[99.00051879882812, 1.2513318061828613]"
1549701394375119977,,[],0,"[99.1197509765625, 1.247287631034851]"
1549701394375124013,,[],0,"[99.1197509765625, 1.247287631034851]"
1549701394375130007,,[],0,"[99.1197509765625, 1.247287631034851]"
1549701394375158266,,[],0,"[99.1197509765625, 1.247287631034851]"
1549701394375173131,,[],0,"[99.1197509765625, 1.247287631034851]"
1549701394375193101,,[],0,"[99.1197509765625, 1.2408170700073242]"
1549701394375210868,,[],0,"[99.1197509765625, 1.2578024864196777]"
1549701394375234945,,[],0,"[99.1197509765625, 1.2578024864196777]"
1549701394375239503,,[],0,"[99.1197509765625, 1.2578024864196777]"
1549701394375259948,,[],0,"[99.1197509765625, 1.2578024864196777]"
1549701394375265394,,[],0,"[99.1197509765625, 1.2578024864196777]"
1549701394375272179,,[],0,"[99.1197509765625, 1.2578024864196777]"
1549701394375309457,,[],0,"[99.1197509765625, 1.2578024864196777]"
1549701394375313699,,[],0,"[99.1197509765625, 1.2578024864196777]"
1549701394375332204,,[],0,"[99.1197509765625, 1.2578024864196777]"
1549701394375348267,,[],0,"[99.1197509765625, 1.2578024864196777]"
1549701394375364790,,[],0,"[99.1197509765625, 1.238390564918518]"
1549701394375387293,,[],0,"[99.1197509765625, 1.238390564918518]"
1549701394375392514,,[],0,"[99.1197509765625, 1.238390564918518]"
1549701394375397506,,[],0,"[99.1197509765625, 1.238390564918518]"
1549701394375402789,,[],0,"[99.1197509765625, 1.238390564918518]"
1549701394375419567,,[],0,"[99.1197509765625, 1.238390564918518]"
1549701394375424774,,[],0,"[99.1197509765625, 1.238390564918518]"
1549701394376501087,,[],0,"[99.1197509765625, 1.2440522909164429]"
1549701394376511951,,[],0,"[99.1197509765625, 1.2440522909164429]"
1549701394376601336,,[],0,"[99.1197509765625, 1.2440522909164429]"
1549701394376627733,,[],0,"[99.1197509765625, 1.2440522909164429]"
1549701394376666445,,[],0,"[99.1197509765625, 1.2440522909164429]"
1549701394376674286,,[],0,"[99.1197509765625, 1.2440522909164429]"
1549701394376757724,,[],0,"[99.1197509765625, 1.2440522909164429]"
1549701394376764527,,[],0,"[99.1197509765625, 1.2440522909164429]"
1549701394377905157,,[],0,"[99.1197509765625, 1.25472891330719]"
1549701394377927325,,[],0,"[99.1197509765625, 1.25472891330719]"
1549701394377935507,,[],0,"[99.1197509765625, 1.25472891330719]"
1549701394378436492,,[],0,"[99.1197509765625, 1.25472891330719]"
1549701394378608357,,[],0,"[99.1197509765625, 1.2479346990585327]"
1549701394378620391,,[],0,"[99.1197509765625, 1.2479346990585327]"
1549701394379144666,,[],0,"[99.1197509765625, 1.2479346990585327]"
1549701394379272286,,[],0,"[99.1197509765625, 1.2568318843841553]"
1549701394379446008,,[],0,"[99.1197509765625, 1.2624937295913696]"
1549701394379736573,,[],0,"[99.1197509765625, 1.2624937295913696]"
1549701394379872922,,[],0,"[99.1197509765625, 1.2624937295913696]"
1549701394379903952,,[],0,"[99.1197509765625, 1.249228835105896]"
1549701394380377695,,[],0,"[99.1197509765625, 1.2487435340881348]"
1549701394380448305,,[],0,"[99.1197509765625, 1.2487435340881348]"
1549701394380512043,,[],0,"[99.1197509765625, 1.2603907585144043]"
1549701394380900947,,[],0,"[99.1197509765625, 1.267346739768982]"
1549701394381053671,,[],0,"[99.1197509765625, 1.256346583366394]"
1549701394381464345,,[],0,"[99.1197509765625, 1.256346583366394]"
1549701394381637463,,[],0,"[99.1197509765625, 1.256346583366394]"
1549701394382402784,,[],0,"[99.1197509765625, 1.2608760595321655]"
1549701394383580935,,[],0,"[99.1197509765625, 1.2613613605499268]"
1549701394384659722,,[],0,"[99.1197509765625, 1.2613613605499268]"
1549701394385232320,,[],0,"[99.1197509765625, 1.265405535697937]"
1549701394385282067,,[],0,"[99.1197509765625, 1.265405535697937]"
1549701394385336229,,[],0,"[99.1197509765625, 1.265405535697937]"
1549701394385379654,,[],0,"[99.00051879882812, 1.259905457496643]"
1549701394385418929,,[],0,"[99.00051879882812, 1.261846661567688]"
1549701394385519036,,[],0,"[99.00051879882812, 1.2631407976150513]"
1549701394386263337,,[],0,"[99.00051879882812, 1.2631407976150513]"
1549701394386536263,,[],0,"[99.00051879882812, 1.2631407976150513]"
1549701394386743690,,[],0,"[99.00051879882812, 1.2670232057571411]"
1549701394386781398,,[],0,"[99.00051879882812, 1.2670232057571411]"
1549701394386818353,,[],0,"[99.00051879882812, 1.2670232057571411]"
1549701394386852806,,[],0,"[99.00051879882812, 1.2670232057571411]"
1549701394387183752,,[],0,"[99.00051879882812, 1.2670232057571411]"
1549701394387668748,,[],0,"[99.00051879882812, 1.2670232057571411]"
1549701394387784335,,[],0,"[99.00051879882812, 1.2670232057571411]"
1549701394388184952,,[],0,"[99.00051879882812, 1.2670232057571411]"
1549701394388255314,,[],0,"[99.00051879882812, 1.2670232057571411]"
1549701394388433878,,[],0,"[99.00051879882812, 1.2670232057571411]"
1549701394388734434,,[],0,"[99.00051879882812, 1.2670232057571411]"
1549701394389260693,,[],0,"[99.00051879882812, 1.261037826538086]"
1549701394389923017,,[],0,"[99.00051879882812, 1.2723615169525146]"
1549701394390350957,,[],0,"[99.00051879882812, 1.276243805885315]"
1549701394390989572,,[],0,"[99.00051879882812, 1.276243805885315]"
1549701394391115529,,[],0,"[99.00051879882812, 1.257478952407837]"
1549701394391681233,,[],0,"[99.00051879882812, 1.257478952407837]"
1549701394392080624,,[],0,"[99.00051879882812, 1.257478952407837]"
1549701394392542647,,[],0,"[99.00051879882812, 1.2602289915084839]"
1549701394392565703,,[],0,"[99.00051879882812, 1.2796409130096436]"
1549701394392604360,,[],0,"[99.00051879882812, 1.2796409130096436]"
1549701394392614665,,[],0,"[99.00051879882812, 1.2796409130096436]"
1549701394392620155,,[],0,"[99.00051879882812, 1.2691261768341064]"
1549701394392625843,,[],0,"[99.00051879882812, 1.2691261768341064]"
1549701394392630564,,[],0,"[99.00051879882812, 1.2691261768341064]"
1549701394392816870,,[],0,"[99.00051879882812, 1.2649202346801758]"
1549701394392827798,,[],0,"[99.00051879882812, 1.2649202346801758]"
1549701394392835978,,[],0,"[99.00051879882812, 1.2649202346801758]"
1549701394392842452,,[],0,"[99.00051879882812, 1.2649202346801758]"
1549701394392858624,,[],0,"[99.00051879882812, 1.2649202346801758]"
1549701394392890530,,[],0,"[99.00051879882812, 1.2649202346801758]"
1549701394392896952,,[],0,"[99.00051879882812, 1.2649202346801758]"
1549701394392907603,,[],0,"[99.1197509765625, 1.2641113996505737]"
1549701394392913467,,[],0,"[99.1197509765625, 1.2650820016860962]"
1549701394392918325,,[],0,"[99.1197509765625, 1.2650820016860962]"
1549701394392922461,,[],0,"[99.1197509765625, 1.2655673027038574]"
1549701394392928525,,[],0,"[99.1197509765625, 1.2655673027038574]"
1549701394393142243,,[],0,"[99.1197509765625, 1.2655673027038574]"
1549701394393237029,,[],0,"[99.1197509765625, 1.2655673027038574]"
1549701394393267307,,[],0,"[99.1197509765625, 1.2691261768341064]"
1549701394393334229,,[],0,"[99.1197509765625, 1.2691261768341064]"
1549701394393925607,,[],0,"[99.1197509765625, 1.2688026428222656]"
1549701394393944349,,[],0,"[99.1197509765625, 1.2688026428222656]"
1549701394393950687,,[],0,"[99.1197509765625, 1.2688026428222656]"
1549701394393955294,,[],0,"[99.1197509765625, 1.2688026428222656]"
1549701394393974793,,[],0,"[99.1197509765625, 1.270905613899231]"
1549701394393986330,,[],0,"[99.1197509765625, 1.270905613899231]"
1549701394395058417,,[],0,"[99.1197509765625, 1.273655652999878]"
1549701394395358014,,[],0,"[99.1197509765625, 1.2586113214492798]"
1549701394395580488,,[],0,"[99.1197509765625, 1.2755967378616333]"
1549701394396193465,,[],0,"[99.1197509765625, 1.2755967378616333]"
1549701394396237802,,[],0,"[99.1197509765625, 1.270905613899231]"
1549701394396388557,,[],0,"[99.1197509765625, 1.270905613899231]"
1549701394396504474,,[],0,"[99.1197509765625, 1.2663761377334595]"
1549701394396622016,,[],0,"[99.1197509765625, 1.2629790306091309]"
1549701394396645884,,[],0,"[99.1197509765625, 1.2629790306091309]"
1549701394396825734,,[],0,"[99.1197509765625, 1.2629790306091309]"
1549701394397024913,,[],0,"[99.1197509765625, 1.2629790306091309]"
1549701394397069619,,[],0,"[99.1197509765625, 1.2629790306091309]"
1549701394397600133,,[],0,"[99.1197509765625, 1.264596700668335]"
1549701394397832773,,[],0,"[99.1197509765625, 1.2665379047393799]"
1549701394398047323,,[],0,"[99.1197509765625, 1.2665379047393799]"
1549701394398154181,,[],0,"[99.1197509765625, 1.2665379047393799]"
1549701394398474730,,[],0,"[99.1197509765625, 1.2623319625854492]"
1549701394398621855,,[],0,"[99.1197509765625, 1.2678320407867432]"
1549701394398662430,,[],0,"[99.1197509765625, 1.2678320407867432]"
1549701394398792934,,[],0,"[99.1197509765625, 1.2678320407867432]"
1549701394398843052,,[],0,"[99.1197509765625, 1.2678320407867432]"
1549701394398926420,,[],0,"[99.1197509765625, 1.27430260181427]"
1549701394399204707,,[],0,"[99.1197509765625, 1.2597436904907227]"
1549701394399439803,,[],0,"[99.1197509765625, 1.2702585458755493]"
1549701394399709246,,[],0,"[99.1197509765625, 1.2702585458755493]"
1549701394400051891,,[],0,"[99.1197509765625, 1.2702585458755493]"
1549701394400348054,,[],0,"[99.1197509765625, 1.2691261768341064]"
1549701394400460312,,[],0,"[99.1197509765625, 1.2600672245025635]"
1549701394400753770,,[],0,"[99.1197509765625, 1.2600672245025635]"
1549701394400985185,,[],0,"[99.1197509765625, 1.2600672245025635]"
1549701394401300683,,[],0,"[99.1197509765625, 1.2573171854019165]"
1549701394401452175,,[],0,"[99.1197509765625, 1.2658908367156982]"
1549701394401515845,,[],0,"[99.1197509765625, 1.2658908367156982]"
1549701394401781157,,[],0,"[99.1197509765625, 1.2658908367156982]"
1549701394401832375,,[],0,"[99.1197509765625, 1.2658908367156982]"
1549701394403341638,,[],0,"[99.1197509765625, 1.2597436904907227]"
1549701394403928931,,[],0,"[99.1197509765625, 1.2597436904907227]"
1549701394404083138,,[],0,"[99.1197509765625, 1.2597436904907227]"
1549701394404174485,,[],0,"[99.1197509765625, 1.2597436904907227]"
1549701394404225275,,[],0,"[99.1197509765625, 1.2794791460037231]"
1549701394404300872,,[],0,"[99.1197509765625, 1.2757585048675537]"
1549701394404473706,,[],0,"[99.1197509765625, 1.2757585048675537]"
1549701394404709282,,[],0,"[99.1197509765625, 1.2827144861221313]"
1549701394405062501,,[],0,"[99.1197509765625, 1.2827144861221313]"
1549701394405073924,,[],0,"[99.1197509765625, 1.2827144861221313]"
1549701394405078762,,[],0,"[99.1197509765625, 1.2827144861221313]"
1549701394405113702,,[],0,"[99.1197509765625, 1.2827144861221313]"
1549701394405120777,,[],0,"[99.1197509765625, 1.2827144861221313]"
1549701394405127399,,[],0,"[99.1197509765625, 1.2827144861221313]"
1549701394405132312,,[],0,"[99.1197509765625, 1.2597436904907227]"
1549701394405144405,,[],0,"[99.1197509765625, 1.265405535697937]"
1549701394405396691,,[],0,"[99.1197509765625, 1.253920078277588]"
1549701394405514505,,[],0,"[99.1197509765625, 1.253920078277588]"
1549701394405546711,,[],0,"[99.1197509765625, 1.253920078277588]"
1549701394405557410,,[],0,"[99.1197509765625, 1.249228835105896]"
1549701394405593720,,[],0,"[99.1197509765625, 1.249228835105896]"
1549701394405860243,,[],0,"[99.1197509765625, 1.2650820016860962]"
1549701394405953515,,[],0,"[99.1197509765625, 1.2589348554611206]"
1549701394405960596,,[],0,"[99.1197509765625, 1.2679938077926636]"
1549701394405964879,,[],0,"[99.1197509765625, 1.2679938077926636]"
1549701394407016784,,[],0,"[99.1197509765625, 1.2679938077926636]"
1549701394407024660,,[],0,"[99.1197509765625, 1.2679938077926636]"
1549701394407029072,,[],0,"[99.1197509765625, 1.2679938077926636]"
1549701394407033602,,[],0,"[99.1197509765625, 1.2679938077926636]"
1549701394407765737,,[],0,"[99.1197509765625, 1.2679938077926636]"
1549701394407789603,,[],0,"[99.1197509765625, 1.2548906803131104]"
1549701394408063654,,[],0,"[99.1197509765625, 1.2558612823486328]"
1549701394409027414,,[],0,"[99.1197509765625, 1.2558612823486328]"
1549701394409037970,,[],0,"[99.1197509765625, 1.2558612823486328]"
1549701394409042316,,[],0,"[99.1197509765625, 1.2642731666564941]"
1549701394410681810,,[],0,"[99.1197509765625, 1.2642731666564941]"
1549701394410739986,,[],0,"[99.1197509765625, 1.2642731666564941]"
1549701394411172396,,[],0,"[99.1197509765625, 1.2642731666564941]"
1549701394411423997,,[],0,"[99.1197509765625, 1.2642731666564941]"
1549701394411553091,,[],0,"[99.1197509765625, 1.2642731666564941]"
1549701394411713860,,[],0,"[99.1197509765625, 1.2642731666564941]"
1549701394412068955,,[],0,"[99.1197509765625, 1.2542436122894287]"
1549701394412083010,,[],0,"[99.1197509765625, 1.255537748336792]"
1549701394412141997,,[],0,"[99.1197509765625, 1.255537748336792]"
1549701394412815230,,[],0,"[99.1197509765625, 1.255537748336792]"
1549701394412825365,,[],0,"[99.1197509765625, 1.255537748336792]"
1549701394413254567,,[],0,"[99.1197509765625, 1.255537748336792]"
1549701394413614093,,[],0,"[99.1197509765625, 1.255537748336792]"
1549701394413731541,,[],0,"[99.1197509765625, 1.255537748336792]"
1549701394413811313,,[],0,"[99.1197509765625, 1.2463170289993286]"
1549701394414097623,,[],0,"[99.1197509765625, 1.2463170289993286]"
1549701394414307313,,[],0,"[99.1197509765625, 1.2569936513900757]"
1549701394414464341,,[],0,"[99.1197509765625, 1.2569936513900757]"
1549701394414584079,,[],0,"[99.1197509765625, 1.2480964660644531]"
1549701394414596140,,[],0,"[99.1197509765625, 1.2480964660644531]"
1549701394414869778,,[],0,"[99.1197509765625, 1.2480964660644531]"
1549701394414883897,,[],0,"[99.1197509765625, 1.2540818452835083]"
1549701394415160327,,[],0,"[99.1197509765625, 1.2540818452835083]"
1549701394415171164,,[],0,"[99.1197509765625, 1.2540818452835083]"
1549701394415192476,,[],0,"[99.1197509765625, 1.2400082349777222]"
1549701394415197755,,[],0,"[99.1197509765625, 1.2400082349777222]"
1549701394415340341,,[],0,"[99.1197509765625, 1.2508465051651]"
1549701394415358465,,[],0,"[99.1197509765625, 1.2508465051651]"
1549701394415587819,,[],0,"[99.1197509765625, 1.2493906021118164]"
1549701394415785011,,[],0,"[99.1197509765625, 1.2493906021118164]"
1549701394415886521,,[],0,"[99.1197509765625, 1.2493906021118164]"
1549701394416043747,,[],0,"[99.1197509765625, 1.2493906021118164]"
1549701394416145124,,[],0,"[99.1197509765625, 1.247287631034851]"
1549701394416389172,,[],0,"[99.1197509765625, 1.2430816888809204]"
1549701394416486095,,[],0,"[99.1197509765625, 1.2430816888809204]"
1549701394416496617,,[],0,"[99.1197509765625, 1.244537591934204]"
1549701394416503572,,[],0,"[99.1197509765625, 1.244537591934204]"
1549701394416508657,,[],0,"[99.1197509765625, 1.244537591934204]"
1549701394416531182,,[],0,"[99.1197509765625, 1.2459934949874878]"
1549701394416537287,,[],0,"[99.1197509765625, 1.2459934949874878]"
1549701394416859541,,[],0,"[99.1197509765625, 1.2459934949874878]"
1549701394417081241,,[],0,"[99.1197509765625, 1.2459934949874878]"
1549701394417092010,,[],0,"[99.1197509765625, 1.2459934949874878]"
1549701394417098879,,[],0,"[99.1197509765625, 1.2459934949874878]"
1549701394417290369,,[],0,"[99.1197509765625, 1.2459934949874878]"
1549701394417451748,,[],0,"[99.1197509765625, 1.253920078277588]"
1549701394417462609,,[],0,"[99.1197509765625, 1.253920078277588]"
1549701394417467773,,[],0,"[99.1197509765625, 1.2616848945617676]"
1549701394417770930,,[],0,"[99.00051879882812, 1.2396847009658813]"
1549701394418376601,,[],0,"[99.00051879882812, 1.2396847009658813]"
1549701394418401603,,[],0,"[99.00051879882812, 1.247287631034851]"
1549701394418419852,,[],0,"[99.00051879882812, 1.2400082349777222]"
1549701394418446549,,[],0,"[99.00051879882812, 1.2400082349777222]"
1549701394418477291,,[],0,"[99.00051879882812, 1.2400082349777222]"
1549701394418588529,,[],0,"[99.00051879882812, 1.2400082349777222]"
1549701394418826735,,[],0,"[99.00051879882812, 1.2400082349777222]"
1549701394418838747,,[],0,"[99.00051879882812, 1.244537591934204]"
1549701394418848079,,[],0,"[99.00051879882812, 1.244537591934204]"
1549701394419052225,,[],0,"[99.00051879882812, 1.244537591934204]"
1549701394419484329,,[],0,"[99.00051879882812, 1.244537591934204]"
1549701394419615410,,[],0,"[99.00051879882812, 1.2401700019836426]"
1549701394419658374,,[],0,"[99.00051879882812, 1.2401700019836426]"
1549701394419685017,,[],0,"[99.00051879882812, 1.2401700019836426]"
1549701394419707376,,[],0,"[99.00051879882812, 1.2401700019836426]"
1549701394419948206,,[],0,"[99.00051879882812, 1.2364493608474731]"
1549701394420184719,,[],0,"[99.00051879882812, 1.243728756904602]"
1549701394420453545,,[],0,"[99.00051879882812, 1.239522933959961]"
1549701394420876812,,[],0,"[99.00051879882812, 1.239522933959961]"
1549701394420991083,,[],0,"[99.00051879882812, 1.2453464269638062]"
1549701394421251500,,[],0,"[99.00051879882812, 1.2453464269638062]"
1549701394422034368,,[],0,"[99.00051879882812, 1.2453464269638062]"
1549701394423266977,,[],0,"[99.00051879882812, 1.2529494762420654]"
1549701394423636733,,[],0,"[99.00051879882812, 1.2529494762420654]"
1549701394423647917,,[],0,"[99.00051879882812, 1.2458317279815674]"
1549701394423653684,,[],0,"[99.00051879882812, 1.2458317279815674]"
1549701394424819217,,[],0,"[99.00051879882812, 1.2458317279815674]"
1549701394424831282,,[],0,"[99.00051879882812, 1.2458317279815674]"
1549701394424838312,,[],0,"[99.00051879882812, 1.2458317279815674]"
1549701394424865716,,[],0,"[99.00051879882812, 1.2458317279815674]"
1549701394424879601,,[],0,"[99.00051879882812, 1.249228835105896]"
1549701394425239971,,[],0,"[99.00051879882812, 1.249228835105896]"
1549701394425308672,,[],0,"[99.1197509765625, 1.2455081939697266]"
1549701394428016309,,[],0,"[99.1197509765625, 1.2469640970230103]"
1549701394428067798,,[],0,"[99.1197509765625, 1.2469640970230103]"
1549701394428193059,,[],0,"[99.1197509765625, 1.2469640970230103]"
1549701394428584818,,[],0,"[99.1197509765625, 1.2469640970230103]"
1549701394428597308,,[],0,"[99.1197509765625, 1.2469640970230103]"
1549701394428602660,,[],0,"[99.1197509765625, 1.2315963506698608]"
1549701394428620908,,[],0,"[99.1197509765625, 1.2315963506698608]"
1549701394428626930,,[],0,"[99.1197509765625, 1.2315963506698608]"
1549701394428633817,,[],0,"[99.1197509765625, 1.2315963506698608]"
1549701394428639286,,[],0,"[99.1197509765625, 1.2189785242080688]"
1549701394428984640,,[],0,"[99.1197509765625, 1.2207579612731934]"
1549701394429260764,,[],0,"[99.00051879882812, 1.2309492826461792]"
1549701394429676874,,[],0,"[99.00051879882812, 1.2235080003738403]"
1549701394430121657,,[],0,"[99.00051879882812, 1.2235080003738403]"
1549701394430607785,,[],0,"[99.00051879882812, 1.2235080003738403]"
1549701394430767993,,[],0,"[99.00051879882812, 1.2235080003738403]"
1549701394430793002,,[],0,"[99.00051879882812, 1.2252874374389648]"
1549701394430804515,,[],0,"[99.00051879882812, 1.2252874374389648]"
1549701394430812484,,[],0,"[99.00051879882812, 1.2252874374389648]"
1549701394430818790,,[],0,"[99.00051879882812, 1.2252874374389648]"
1549701394430956079,,[],0,"[99.00051879882812, 1.2152578830718994]"
1549701394430965683,,[],0,"[99.00051879882812, 1.2152578830718994]"
1549701394431131985,,[],0,"[99.00051879882812, 1.216713786125183]"
1549701394431353448,,[],0,"[99.00051879882812, 1.2055519819259644]"
1549701394431647913,,[],0,"[99.00051879882812, 1.2057137489318848]"
1549701394432180078,,[],0,"[99.00051879882812, 1.2057137489318848]"
1549701394432307649,,[],0,"[99.00051879882812, 1.2057137489318848]"
1549701394432446872,,[],0,"[99.00051879882812, 1.2091108560562134]"
1549701394432730222,,[],0,"[99.00051879882812, 1.2163902521133423]"
1549701394433003356,,[],0,"[99.00051879882812, 1.2163902521133423]"
1549701394433685927,,[],0,"[99.00051879882812, 1.2108901739120483]"
1549701394433787789,,[],0,"[99.00051879882812, 1.2108901739120483]"
1549701394434039206,,[],0,"[99.00051879882812, 1.2121843099594116]"
1549701394434056030,,[],0,"[99.00051879882812, 1.2121843099594116]"
1549701394434368449,,[],0,"[99.00051879882812, 1.2120225429534912]"
1549701394434915226,,[],0,"[99.00051879882812, 1.2120225429534912]"
1549701394435033421,,[],0,"[99.00051879882812, 1.2204344272613525]"
1549701394435102259,,[],0,"[99.00051879882812, 1.2204344272613525]"
1549701394435217895,,[],0,"[99.00051879882812, 1.2204344272613525]"
1549701394435336672,,[],0,"[99.00051879882812, 1.2204344272613525]"
1549701394435870584,,[],0,"[99.00051879882812, 1.2204344272613525]"
1549701394436278401,,[],0,"[99.00051879882812, 1.2191402912139893]"
1549701394436401805,,[],0,"[99.00051879882812, 1.2306257486343384]"
1549701394436851435,,[],0,"[99.00051879882812, 1.2306257486343384]"
1549701394436864175,,[],0,"[99.00051879882812, 1.2223756313323975]"
1549701394436876467,,[],0,"[99.00051879882812, 1.2223756313323975]"
1549701394436881524,,[],0,"[99.00051879882812, 1.2223756313323975]"
1549701394437089337,,[],0,"[99.00051879882812, 1.2008607387542725]"
1549701394437110209,,[],0,"[99.00051879882812, 1.2065225839614868]"
1549701394437121848,,[],0,"[99.00051879882812, 1.2065225839614868]"
1549701394437137577,,[],0,"[99.1197509765625, 1.2065225839614868]"
1549701394437180363,,[],0,"[99.1197509765625, 1.2065225839614868]"
1549701394437189056,,[],0,"[99.1197509765625, 1.2065225839614868]"
1549701394437528428,,[],0,"[99.1197509765625, 1.2068461179733276]"
1549701394437590242,,[],0,"[99.1197509765625, 1.2068461179733276]"
1549701394437873730,,[],0,"[99.1197509765625, 1.20781672000885]"
1549701394438450284,,[],0,"[99.1197509765625, 1.20781672000885]"
1549701394438593481,,[],0,"[99.1197509765625, 1.20781672000885]"
1549701394438869989,,[],0,"[99.1197509765625, 1.20781672000885]"
1549701394440309069,,[],0,"[99.1197509765625, 1.2060372829437256]"
1549701394440321867,,[],0,"[99.1197509765625, 1.2095961570739746]"
1549701394440446431,,[],0,"[99.1197509765625, 1.2095961570739746]"
1549701394440458566,,[],0,"[99.1197509765625, 1.2095961570739746]"
1549701394440518651,,[],0,"[99.1197509765625, 1.2095961570739746]"
1549701394440524287,,[],0,"[99.1197509765625, 1.2095961570739746]"
1549701394440528444,,[],0,"[99.1197509765625, 1.2095961570739746]"
